73301,12789690
73344,12789691
75001,12790297
75002,12790298
75006,12790299
75007,12790300
75009,12790301
75010,12790302
75011,12790303
75013,12790304
75014,12790305
75015,12790306
75016,12790307
75017,12790308
75019,12790309
75020,12790310
75021,12790311
75022,12790312
75023,12790313
75024,12790314
75025,12790315
75026,12790316
75027,12790317
75028,12790318
75029,12790319
75030,12790320
75032,12790321
75033,56616832
75034,12790322
75035,12790323
75037,12790324
75038,12790325
75039,12790326
75040,12790327
75041,12790328
75042,12790329
75043,12790330
75044,12790331
75045,12790332
75046,12790333
75047,12790334
75048,12790335
75049,12790336
75050,12790337
75051,12790338
75052,12790339
75053,12790340
75054,12790341
75056,12790342
75057,12790343
75058,12790344
75060,12790345
75061,12790346
75062,12790347
75063,12790348
75065,12790349
75067,12790350
75068,12790351
75069,12790352
75070,12790353
75071,23424643
75074,12790354
75075,12790355
75076,12790356
75077,12790357
75078,12790358
75080,12790359
75081,12790360
75082,12790361
75083,12790362
75085,12790364
75086,12790365
75087,12790366
75088,12790367
75089,12790368
75090,12790369
75091,12790370
75092,12790371
75093,12790372
75094,12790373
75097,12790374
75098,12790375
75099,12790376
75101,12790377
75102,12790378
75103,12790379
75104,12790380
75105,12790381
75106,12790382
75109,23510024
75110,12790383
75114,12790384
75115,12790385
75116,12790386
75117,12790387
75118,12790388
75119,12790389
75120,12790390
75121,12790391
75123,12790392
75124,12790393
75125,12790394
75126,12790395
75127,12790396
75132,12790397
75134,12790398
75135,12790399
75137,12790400
75138,12790401
75140,12790402
75141,12790403
75142,12790404
75143,12790405
75144,12790406
75146,12790407
75147,12790408
75148,12790409
75149,12790410
75150,12790411
75151,12790412
75152,12790413
75153,12790414
75154,12790415
75155,12790416
75156,23510025
75157,12790417
75158,12790418
75159,12790419
75160,12790420
75161,12790421
75163,12790422
75164,12790423
75165,12790424
75166,12790425
75167,12790426
75168,12790427
75169,12790428
75172,12790429
75173,12790430
75180,12790431
75181,12790432
75182,12790433
75185,12790434
75187,12790435
75189,12790436
75201,12790437
75202,12790438
75203,12790439
75204,12790440
75205,12790441
75206,12790442
75207,12790443
75208,12790444
75209,12790445
75210,12790446
75211,12790447
75212,12790448
75214,12790449
75215,12790450
75216,12790451
75217,12790452
75218,12790453
75219,12790454
75220,12790455
75221,12790456
75222,12790457
75223,12790458
75224,12790459
75225,12790460
75226,12790461
75227,12790462
75228,12790463
75229,12790464
75230,12790465
75231,12790466
75232,12790467
75233,12790468
75234,12790469
75235,12790470
75236,12790471
75237,12790472
75238,12790473
75240,12790474
75241,12790475
75242,12790476
75243,12790477
75244,12790478
75245,12790479
75246,12790480
75247,12790481
75248,12790482
75249,12790483
75250,12790484
75251,12790485
75252,12790486
75253,12790487
75254,23424644
75258,12790488
75260,12790489
75261,12790490
75262,12790491
75263,12790492
75264,12790493
75265,12790494
75266,12790495
75267,12790496
75270,12790497
75275,12790498
75277,12790499
75283,12790500
75284,12790501
75285,12790502
75286,12790503
75287,12790504
75301,12790505
75303,12790506
75310,12790507
75312,12790508
75313,12790509
75315,12790510
75320,12790511
75323,12790512
75326,12790513
75334,26814798
75336,12790514
75339,12790515
75340,26814799
75342,12790516
75343,26814800
75344,26814801
75353,12790518
75354,12790519
75355,12790520
75356,12790521
75357,12790522
75358,26814802
75359,12790523
75360,12790524
75363,12790525
75364,12790526
75367,12790527
75368,12790528
75370,12790529
75371,12790530
75372,12790531
75373,12790532
75374,12790533
75376,12790534
75378,12790535
75379,12790536
75380,12790537
75381,12790538
75382,12790539
75386,12790540
75387,12790541
75388,12790542
75389,12790543
75390,12790544
75391,12790545
75392,12790546
75393,12790547
75394,12790548
75395,12790549
75396,12790550
75397,12790551
75398,12790552
75401,12790553
75402,12790554
75403,12790555
75404,12790556
75407,12790557
75409,12790558
75410,12790559
75411,12790560
75412,12790561
75413,12790562
75414,12790563
75415,12790564
75416,12790565
75417,12790566
75418,12790567
75420,12790568
75421,12790569
75422,12790570
75423,12790571
75424,12790572
75425,12790573
75426,12790574
75428,12790575
75429,12790576
75431,12790577
75432,12790578
75433,12790579
75434,12790580
75435,12790581
75436,12790582
75437,12790583
75438,12790584
75439,12790585
75440,12790586
75441,12790587
75442,12790588
75443,12790589
75444,12790590
75446,12790591
75447,12790592
75448,12790593
75449,12790594
75450,12790595
75451,12790596
75452,12790597
75453,12790598
75454,12790599
75455,12790600
75456,12790601
75457,12790602
75458,12790603
75459,12790604
75460,12790605
75461,12790606
75462,12790607
75468,12790608
75469,12790609
75470,12790610
75471,12790611
75472,12790612
75473,12790613
75474,12790614
75475,12790615
75476,12790616
75477,12790617
75478,12790618
75479,12790619
75480,12790620
75481,12790621
75482,12790622
75483,12790623
75485,12790624
75486,12790625
75487,12790626
75488,12790627
75489,12790628
75490,12790629
75491,12790630
75492,12790631
75493,12790632
75494,12790633
75495,12790634
75496,12790635
75497,12790636
75501,12790637
75503,12790638
75504,12790639
75505,12790640
75507,12790641
75550,12790642
75551,12790643
75554,12790644
75555,12790645
75556,12790646
75558,12790647
75559,12790648
75560,12790649
75561,12790650
75562,12790651
75563,12790652
75564,12790653
75565,12790654
75566,12790655
75567,12790656
75568,12790657
75569,12790658
75570,12790659
75571,12790660
75572,12790661
75573,12790662
75574,12790663
75599,12790664
75601,12790665
75602,12790666
75603,12790667
75604,12790668
75605,12790669
75606,12790670
75607,12790671
75608,12790672
75615,12790673
75630,12790674
75631,12790675
75633,12790676
75636,12790677
75637,12790678
75638,12790679
75639,12790680
75640,12790681
75641,12790682
75642,12790683
75643,12790684
75644,12790685
75645,23424645
75647,12790686
75650,12790687
75651,12790688
75652,12790689
75653,12790690
75654,12790691
75656,12790692
75657,12790693
75658,12790694
75659,12790695
75660,12790696
75661,12790697
75662,12790698
75663,12790699
75666,12790700
75667,12790701
75668,12790702
75669,12790703
75670,12790704
75671,12790705
75672,12790706
75680,12790707
75681,12790708
75682,12790709
75683,12790710
75684,12790711
75685,12790712
75686,12790713
75687,12790714
75688,12790715
75689,12790716
75691,12790717
75692,12790718
75693,12790719
75694,12790720
75701,12790721
75702,12790722
75703,12790723
75704,12790724
75705,12790725
75706,12790726
75707,12790727
75708,12790728
75709,12790729
75710,12790730
75711,12790731
75712,12790732
75713,12790733
75750,12790734
75751,12790735
75752,23424646
75754,12790736
75755,12790737
75756,12790738
75757,12790739
75758,12790740
75759,12790741
75760,12790742
75762,12790743
75763,12790744
75764,12790745
75765,12790746
75766,12790747
75770,12790748
75771,12790749
75772,12790750
75773,12790751
75778,12790752
75779,12790753
75780,12790754
75782,12790755
75783,12790756
75784,12790757
75785,12790758
75788,12790759
75789,12790760
75790,12790761
75791,12790762
75792,12790763
75797,23510033
75798,12790764
75799,12790765
75801,12790766
75802,12790767
75803,23424647
75831,12790768
75832,12790769
75833,12790770
75834,12790771
75835,12790772
75838,12790773
75839,12790774
75840,12790775
75844,12790776
75845,12790777
75846,12790778
75847,12790779
75848,12790780
75849,12790781
75850,12790782
75851,12790783
75852,12790784
75853,12790785
75855,12790786
75856,12790787
75858,12790788
75859,12790789
75860,12790790
75861,12790791
75862,12790792
75865,12790793
75880,12790794
75882,12790795
75884,12790796
75886,12790797
75901,12790798
75902,12790799
75903,12790800
75904,12790801
75915,12790802
75925,12790803
75926,12790804
75928,12790805
75929,12790806
75930,12790807
75931,12790808
75932,12790809
75933,12790810
75934,12790811
75935,12790812
75936,12790813
75937,12790814
75938,12790815
75939,12790816
75941,12790817
75942,12790818
75943,12790819
75944,12790820
75946,12790821
75948,12790823
75949,12790824
75951,12790825
75954,12790826
75956,12790827
75958,12790828
75959,12790829
75960,12790830
75961,12790831
75962,12790832
75963,12790833
75964,12790834
75965,23424648
75966,12790835
75968,12790836
75969,12790837
75972,12790838
75973,12790839
75974,12790840
75975,12790841
75976,12790842
75977,12790843
75978,12790844
75979,12790845
75980,12790846
75990,12790847
76001,12790848
76002,12790849
76003,12790850
76004,12790851
76005,12790852
76006,12790853
76007,12790854
76008,12790855
76009,12790856
76010,12790857
76011,12790858
76012,12790859
76013,12790860
76014,12790861
76015,12790862
76016,12790863
76017,12790864
76018,12790865
76019,23510036
76020,12790866
76021,12790867
76022,12790868
76023,12790869
76028,12790870
76031,12790871
76033,12790872
76034,12790873
76035,12790874
76036,12790875
76039,12790876
76040,12790877
76041,12790878
76043,12790879
76044,12790880
76048,12790881
76049,12790882
76050,12790883
76051,12790884
76052,12790885
76053,12790886
76054,12790887
76055,12790888
76058,12790889
76059,12790890
76060,12790891
76061,12790892
76063,12790893
76064,12790894
76065,12790895
76066,12790896
76067,12790897
76068,12790898
76070,12790899
76071,12790900
76073,12790901
76077,12790902
76078,12790903
76082,12790904
76084,12790905
76085,23424649
76086,12790906
76087,12790907
76088,12790908
76092,12790909
76093,12790910
76094,12790911
76095,12790912
76096,12790913
76097,12790914
76098,12790915
76099,12790916
76101,12790917
76102,12790918
76103,12790919
76104,12790920
76105,12790921
76106,12790922
76107,12790923
76108,12790924
76109,12790925
76110,12790926
76111,12790927
76112,12790928
76113,12790929
76114,12790930
76115,12790931
76116,12790932
76117,12790933
76118,12790934
76119,12790935
76120,12790936
76121,12790937
76122,12790938
76123,12790939
76124,12790940
76126,12790941
76127,12790942
76129,12790943
76130,12790944
76131,12790945
76132,12790946
76133,12790947
76134,12790948
76135,12790949
76136,12790950
76137,12790951
76140,12790952
76147,12790953
76148,12790954
76150,23510038
76155,12790955
76161,12790956
76162,12790957
76163,12790958
76164,12790959
76166,55805645
76177,12790960
76179,12790962
76180,12790963
76181,12790964
76182,12790965
76185,12790966
76191,12790967
76192,12790968
76193,12790969
76195,12790970
76196,12790971
76197,12790972
76198,12790973
76199,12790974
76201,12790975
76202,12790976
76203,12790977
76204,12790978
76205,12790979
76206,12790980
76207,12790981
76208,12790982
76209,23424650
76210,23424651
76225,12790983
76226,12790984
76227,12790985
76228,12790986
76230,12790987
76233,12790988
76234,12790989
76238,12790990
76239,12790991
76240,12790992
76241,12790993
76244,12790994
76245,12790995
76246,12790996
76247,12790997
76248,12790998
76249,12790999
76250,12791000
76251,12791001
76252,12791002
76253,12791003
76255,12791004
76258,12791005
76259,12791006
76261,12791007
76262,12791008
76263,12791009
76264,12791010
76265,12791011
76266,12791012
76267,12791013
76268,12791014
76270,12791015
76271,12791016
76272,12791017
76273,12791018
76299,12791019
76301,12791020
76302,12791021
76305,12791022
76306,12791023
76307,12791024
76308,12791025
76309,12791026
76310,12791027
76311,12791028
76351,12791029
76352,12791030
76354,12791031
76357,12791032
76360,12791033
76363,12791034
76364,12791035
76365,12791036
76366,12791037
76367,12791038
76369,12791039
76370,12791040
76371,12791041
76372,12791042
76373,12791043
76374,12791044
76377,12791045
76379,12791046
76380,12791047
76384,12791048
76385,12791049
76388,12791050
76389,12791051
76401,12791052
76402,12791053
76424,12791054
76426,12791055
76427,12791056
76429,12791057
76430,12791058
76431,12791059
76432,12791060
76433,12791061
76435,12791062
76436,12791063
76437,12791064
76439,12791065
76442,12791066
76443,12791067
76444,12791068
76445,12791069
76446,12791070
76448,12791071
76449,12791072
76450,12791073
76452,12791074
76453,12791075
76454,12791076
76455,12791077
76457,12791078
76458,12791079
76459,12791080
76460,12791081
76461,12791082
76462,12791083
76463,12791084
76464,12791085
76465,12791086
76466,12791087
76467,12791088
76468,12791089
76469,12791090
76470,12791091
76471,12791092
76472,12791093
76474,12791094
76475,12791095
76476,12791096
76481,12791097
76483,12791098
76484,12791099
76485,12791100
76486,12791101
76487,12791102
76490,12791103
76491,12791104
76501,12791105
76502,12791106
76503,12791107
76504,12791108
76505,12791109
76508,12791110
76511,12791111
76513,12791112
76518,12791113
76519,12791114
76520,12791115
76522,12791116
76523,12791117
76524,12791118
76525,12791119
76526,12791120
76527,12791121
76528,12791122
76530,12791123
76531,12791124
76533,12791125
76534,12791126
76537,12791127
76538,12791128
76539,12791129
76540,12791130
76541,12791131
76542,12791132
76543,12791133
76544,12791134
76545,23510041
76546,23510042
76547,12791135
76548,12791136
76549,12791137
76550,12791138
76554,12791140
76556,12791142
76557,12791143
76558,12791144
76559,12791145
76561,12791146
76564,12791147
76565,12791148
76566,12791149
76567,12791150
76569,12791151
76570,12791152
76571,12791153
76573,12791154
76574,12791155
76577,12791156
76578,12791157
76579,12791158
76596,12791159
76597,12791160
76598,12791161
76599,12791162
76621,12791163
76622,12791164
76623,12791165
76624,12791166
76626,12791167
76627,12791168
76628,12791169
76629,12791170
76630,12791171
76631,12791172
76632,12791173
76633,12791174
76634,12791175
76635,12791176
76636,12791177
76637,12791178
76638,12791179
76639,12791180
76640,12791181
76641,12791182
76642,12791183
76643,12791184
76644,12791185
76645,12791186
76648,12791187
76649,12791188
76650,12791189
76651,12791190
76652,12791191
76653,12791192
76654,12791193
76655,12791194
76656,12791195
76657,12791196
76660,12791197
76661,12791198
76664,12791199
76665,12791200
76666,12791201
76667,12791202
76670,12791203
76671,12791204
76673,12791205
76676,12791207
76678,12791209
76679,12791210
76680,12791211
76681,12791212
76682,12791213
76684,12791214
76685,12791215
76686,12791216
76687,12791217
76689,12791218
76690,12791219
76691,12791220
76692,12791221
76693,12791222
76701,12791223
76702,12791224
76703,12791225
76704,12791226
76705,12791227
76706,12791228
76707,12791229
76708,12791230
76710,12791231
76711,12791232
76712,12791233
76714,12791234
76715,12791235
76716,12791236
76795,12791237
76797,12791238
76798,12791239
76799,12791240
76801,12791241
76802,12791242
76803,12791243
76804,12791244
76820,12791245
76821,12791246
76823,12791247
76824,12791248
76825,12791249
76827,12791250
76828,12791251
76831,12791252
76832,12791253
76834,12791254
76836,12791255
76837,12791256
76841,12791257
76842,12791258
76844,12791259
76845,12791260
76848,12791261
76849,12791262
76852,12791263
76853,12791264
76854,12791265
76855,12791266
76856,12791267
76857,12791268
76858,12791269
76859,12791270
76861,12791271
76862,12791272
76864,12791273
76865,12791274
76866,12791275
76869,12791277
76870,12791278
76871,12791279
76872,12791280
76873,12791281
76874,12791282
76875,12791283
76877,12791284
76878,12791285
76880,12791286
76882,12791287
76883,12791288
76884,12791289
76885,12791290
76886,12791291
76887,12791292
76888,12791293
76890,12791294
76901,12791295
76902,12791296
76903,12791297
76904,12791298
76905,12791299
76906,12791300
76908,12791301
76909,12791302
76930,12791303
76932,12791304
76933,12791305
76934,12791306
76935,12791307
76936,12791308
76937,12791309
76939,12791310
76940,12791311
76941,12791312
76943,12791313
76945,12791314
76949,12791315
76950,12791316
76951,12791317
76953,12791318
76955,12791319
76957,12791320
76958,12791321
77001,12791322
77002,12791323
77003,12791324
77004,12791325
77005,12791326
77006,12791327
77007,12791328
77008,12791329
77009,12791330
77010,12791331
77011,12791332
77012,12791333
77013,12791334
77014,12791335
77015,12791336
77016,12791337
77017,12791338
77018,12791339
77019,12791340
77020,12791341
77021,12791342
77022,12791343
77023,12791344
77024,12791345
77025,12791346
77026,12791347
77027,12791348
77028,12791349
77029,12791350
77030,12791351
77031,12791352
77032,12791353
77033,12791354
77034,12791355
77035,12791356
77036,12791357
77037,12791358
77038,12791359
77039,12791360
77040,12791361
77041,12791362
77042,12791363
77043,12791364
77044,12791365
77045,12791366
77046,12791367
77047,12791368
77048,12791369
77049,12791370
77050,12791371
77051,12791372
77052,12791373
77053,12791374
77054,12791375
77055,12791376
77056,12791377
77057,12791378
77058,12791379
77059,12791380
77060,12791381
77061,12791382
77062,12791383
77063,12791384
77064,12791385
77065,12791386
77066,12791387
77067,12791388
77068,12791389
77069,12791390
77070,12791391
77071,12791392
77072,12791393
77073,12791394
77074,12791395
77075,12791396
77076,12791397
77077,12791398
77078,12791399
77079,12791400
77080,12791401
77081,12791402
77082,12791403
77083,12791404
77084,12791405
77085,12791406
77086,12791407
77087,12791408
77088,12791409
77089,12791410
77090,12791411
77091,12791412
77092,12791413
77093,12791414
77094,12791415
77095,12791416
77096,12791417
77097,12791418
77098,12791419
77099,12791420
77201,12791421
77202,12791422
77203,12791423
77204,23510043
77205,12791424
77206,12791425
77207,12791426
77208,12791427
77209,12791428
77210,12791429
77212,12791430
77213,12791431
77215,12791432
77216,12791433
77217,12791434
77218,12791435
77219,12791436
77220,12791437
77221,12791438
77222,12791439
77223,12791440
77224,12791441
77225,12791442
77226,12791443
77227,12791444
77228,12791445
77229,12791446
77230,12791447
77231,12791448
77233,12791449
77234,12791450
77235,12791451
77236,12791452
77237,12791453
77238,12791454
77240,12791455
77241,12791456
77242,12791457
77243,12791458
77244,12791459
77245,12791460
77246,26814807
77247,26814808
77248,12791461
77249,12791462
77250,26814809
77251,12791464
77252,12791465
77253,12791466
77254,12791467
77255,12791468
77256,12791469
77257,12791470
77258,12791471
77259,12791472
77260,26814810
77261,12791473
77262,12791474
77263,12791475
77265,12791476
77266,12791477
77267,12791478
77268,12791479
77269,12791480
77270,12791481
77271,12791482
77272,12791483
77273,12791484
77274,12791485
77275,12791486
77276,26814811
77277,12791487
77278,26814812
77279,12791488
77280,12791489
77282,12791491
77284,12791492
77285,26814813
77286,26814814
77287,12791493
77288,12791494
77289,12791495
77290,12791496
77291,12791497
77292,12791498
77293,12791499
77294,26814815
77296,26814816
77297,12791500
77298,12791501
77299,12791502
77301,12791503
77302,12791504
77303,12791505
77304,12791506
77305,12791507
77306,12791508
77315,12791509
77316,12791510
77318,12791511
77320,12791512
77325,12791513
77326,12791514
77327,12791515
77328,12791516
77331,12791517
77332,12791518
77333,12791519
77334,12791520
77335,12791521
77336,12791522
77337,23424652
77338,12791523
77339,12791524
77340,12791525
77341,12791526
77342,12791527
77343,23510045
77344,23510046
77345,12791528
77346,12791529
77347,12791530
77348,23510047
77349,23510048
77350,12791531
77351,12791532
77353,12791533
77354,12791534
77355,12791535
77356,12791536
77357,12791537
77358,12791538
77359,12791539
77360,12791540
77362,12791541
77363,12791542
77364,12791543
77365,12791544
77367,12791545
77368,12791546
77369,12791547
77371,12791548
77372,12791549
77373,12791550
77374,12791551
77375,12791552
77376,12791553
77377,12791554
77378,12791555
77379,12791556
77380,12791557
77381,12791558
77382,12791559
77383,12791560
77384,12791561
77385,12791562
77386,12791563
77387,12791564
77388,12791565
77389,12791566
77391,12791567
77393,12791568
77396,12791569
77399,12791570
77401,12791571
77402,12791572
77404,12791573
77406,12791574
77407,56023006
77410,12791575
77411,12791576
77412,12791577
77413,12791578
77414,12791579
77415,12791580
77417,12791581
77418,12791582
77419,12791583
77420,12791584
77422,12791585
77423,12791586
77426,12791587
77428,12791588
77429,12791589
77430,12791590
77431,12791591
77432,12791592
77433,12791593
77434,12791594
77435,12791595
77436,12791596
77437,12791597
77440,12791598
77441,12791599
77442,12791600
77443,12791601
77444,12791602
77445,12791603
77446,12791604
77447,12791605
77448,12791606
77449,12791607
77450,12791608
77451,12791609
77452,12791610
77453,12791611
77454,12791612
77455,12791613
77456,12791614
77457,12791615
77458,12791616
77459,12791617
77460,12791618
77461,12791619
77463,12791620
77464,12791621
77465,12791622
77466,12791623
77467,12791624
77468,12791625
77469,12791626
77470,12791627
77471,12791628
77473,12791629
77474,12791630
77475,12791631
77476,12791632
77477,12791633
77478,12791634
77479,12791635
77480,12791636
77481,12791637
77482,12791638
77483,12791639
77484,12791640
77485,12791641
77486,12791642
77487,12791643
77488,12791644
77489,12791645
77491,12791646
77492,12791647
77493,12791648
77494,12791649
77496,12791650
77497,12791651
77498,56023007
77501,12791652
77502,12791653
77503,12791654
77504,12791655
77505,12791656
77506,12791657
77507,12791658
77508,12791659
77510,12791660
77511,12791661
77512,12791662
77514,12791663
77515,12791664
77516,12791665
77517,12791666
77518,12791667
77519,12791668
77520,12791669
77521,12791670
77522,12791671
77523,56023008
77530,12791672
77531,12791673
77532,12791674
77533,12791675
77534,12791676
77535,12791677
77536,12791678
77538,12791679
77539,12791680
77541,12791681
77542,12791682
77545,12791683
77546,12791684
77547,12791685
77549,12791686
77550,12791687
77551,12791688
77552,12791689
77553,12791690
77554,12791691
77555,12791692
77560,12791693
77561,12791694
77562,12791695
77563,12791696
77564,12791697
77565,12791698
77566,12791699
77568,12791700
77571,12791701
77572,12791702
77573,12791703
77574,12791704
77575,12791705
77577,12791706
77578,12791707
77580,12791708
77581,12791709
77582,12791710
77583,12791711
77584,12791712
77585,12791713
77586,12791714
77587,12791715
77588,12791716
77590,12791717
77591,12791718
77592,12791719
77597,12791720
77598,12791721
77611,12791722
77612,12791723
77613,12791724
77614,12791725
77615,12791726
77616,12791727
77617,12791728
77619,12791729
77622,12791730
77623,12791731
77624,12791732
77625,12791733
77626,12791734
77627,12791735
77629,12791736
77630,12791737
77631,12791738
77632,12791739
77639,12791740
77640,12791741
77641,12791742
77642,12791743
77643,12791744
77650,12791745
77651,12791746
77655,12791747
77656,12791748
77657,12791749
77659,12791750
77660,12791751
77661,12791752
77662,12791753
77663,12791754
77664,12791755
77665,12791756
77670,12791757
77701,12791758
77702,12791759
77703,12791760
77704,12791761
77705,12791762
77706,12791763
77707,12791764
77708,12791765
77709,12791766
77710,12791767
77713,12791768
77720,12791769
77725,12791770
77726,12791771
77801,12791772
77802,12791773
77803,12791774
77805,12791775
77806,12791776
77807,12791777
77808,12791778
77830,12791779
77831,12791780
77833,12791781
77834,12791782
77835,12791783
77836,12791784
77837,12791785
77838,12791786
77840,12791788
77841,12791789
77842,12791790
77843,12791791
77844,12791792
77845,12791793
77850,12791794
77852,12791795
77853,12791796
77855,12791797
77856,12791798
77857,12791799
77859,12791800
77861,12791801
77862,12791802
77863,12791803
77864,12791804
77865,12791805
77866,12791806
77867,12791807
77868,12791808
77869,23510049
77870,12791809
77871,12791810
77872,12791811
77873,12791812
77875,12791813
77876,12791814
77878,12791815
77879,12791816
77880,12791817
77881,12791818
77882,12791819
77901,12791820
77902,12791821
77903,12791822
77904,12791823
77905,12791824
77950,12791825
77951,12791826
77954,12791827
77957,12791828
77960,12791829
77961,12791830
77962,12791831
77963,12791832
77964,12791833
77967,12791834
77968,12791835
77969,12791836
77970,12791837
77971,12791838
77973,12791840
77974,12791841
77975,12791842
77976,12791843
77977,12791844
77978,12791845
77979,12791846
77982,12791847
77983,12791848
77984,12791849
77986,12791850
77987,12791851
77988,12791852
77989,12791853
77990,12791854
77991,12791855
77993,12791856
77994,12791857
77995,12791858
78001,12791859
78002,12791860
78003,12791861
78004,12791862
78005,12791863
78006,12791864
78007,12791865
78008,12791866
78009,12791867
78010,12791868
78011,12791869
78012,12791870
78013,12791871
78014,12791872
78015,12791873
78016,12791874
78017,12791875
78019,12791876
78021,12791877
78022,12791878
78023,12791879
78024,12791880
78025,12791881
78026,12791882
78027,12791883
78028,12791884
78029,12791885
78039,12791886
78040,12791887
78041,12791888
78042,12791889
78043,12791890
78044,12791891
78045,12791892
78046,12791893
78049,12791894
78050,12791895
78052,12791896
78054,12791898
78055,12791899
78056,12791900
78057,12791901
78058,12791902
78059,12791903
78060,12791904
78061,12791905
78062,12791906
78063,12791907
78064,12791908
78065,12791909
78066,12791910
78067,12791911
78069,12791912
78070,12791913
78071,12791914
78072,12791915
78073,12791916
78074,12791917
78075,12791918
78076,12791919
78101,12791920
78102,12791921
78104,12791922
78107,12791923
78108,12791924
78109,12791925
78111,12791926
78112,12791927
78113,12791928
78114,12791929
78115,12791930
78116,12791931
78117,12791932
78118,12791933
78119,12791934
78121,12791935
78122,12791936
78123,12791937
78124,12791938
78125,12791939
78130,12791940
78131,12791941
78132,12791942
78133,12791943
78135,12791944
78140,12791945
78141,12791946
78142,12791947
78143,12791948
78144,12791949
78145,12791950
78146,12791951
78147,12791952
78148,12791953
78150,12791954
78151,12791955
78152,12791956
78154,12791957
78155,12791958
78156,12791959
78159,12791960
78160,12791961
78161,12791962
78162,12791963
78163,12791964
78164,12791965
78201,12791966
78202,12791967
78203,12791968
78204,12791969
78205,12791970
78206,12791971
78207,12791972
78208,12791973
78209,12791974
78210,12791975
78211,12791976
78212,12791977
78213,12791978
78214,12791979
78215,12791980
78216,12791981
78217,12791982
78218,12791983
78219,12791984
78220,12791985
78221,12791986
78222,12791987
78223,12791988
78224,12791989
78225,12791990
78226,12791991
78227,12791992
78228,12791993
78229,12791994
78230,12791995
78231,12791996
78232,12791997
78233,12791998
78234,12791999
78235,12792000
78236,12792001
78237,12792002
78238,12792003
78239,12792004
78240,12792005
78241,12792006
78242,12792007
78243,12792008
78244,12792009
78245,12792010
78246,12792011
78247,12792012
78248,12792013
78249,12792014
78250,12792015
78251,12792016
78252,12792017
78253,12792018
78254,12792019
78255,12792020
78256,12792021
78257,12792022
78258,12792023
78259,12792024
78260,12792025
78261,12792026
78262,12792027
78263,12792028
78264,12792029
78265,12792030
78266,12792031
78268,12792032
78269,12792033
78270,12792034
78275,12792035
78278,12792036
78279,12792037
78280,12792038
78283,12792039
78284,12792040
78285,12792041
78286,12792042
78287,12792043
78288,12792044
78289,12792045
78291,12792046
78292,12792047
78293,12792048
78294,12792049
78295,12792050
78296,12792051
78297,12792052
78298,12792053
78299,12792054
78330,12792055
78332,12792056
78333,12792057
78335,12792058
78336,12792059
78338,12792060
78339,12792061
78340,12792062
78341,12792063
78342,12792064
78343,12792065
78344,12792066
78347,12792067
78349,12792068
78350,12792069
78351,12792070
78352,12792071
78353,12792072
78355,12792073
78357,12792074
78358,12792075
78359,12792076
78360,12792077
78361,12792078
78362,12792079
78363,12792080
78364,12792081
78368,12792082
78369,12792083
78370,12792084
78371,12792085
78372,12792086
78373,12792087
78374,12792088
78375,12792089
78376,12792090
78377,12792091
78379,12792092
78380,12792093
78381,12792094
78382,12792095
78383,12792096
78384,12792097
78385,12792098
78387,12792099
78389,12792100
78390,12792101
78391,12792102
78393,12792103
78401,12792104
78402,12792105
78403,12792106
78404,12792107
78405,12792108
78406,12792109
78407,12792110
78408,12792111
78409,12792112
78410,12792113
78411,12792114
78412,12792115
78413,12792116
78414,12792117
78415,12792118
78416,12792119
78417,12792120
78418,12792121
78419,12792122
78426,12792123
78427,12792124
78460,12792125
78461,12792126
78463,12792127
78465,12792128
78466,12792129
78467,12792130
78468,12792131
78469,12792132
78470,12792133
78471,12792134
78472,12792135
78473,12792136
78474,12792137
78475,12792138
78476,12792139
78477,12792140
78478,12792141
78480,12792142
78501,12792143
78502,12792144
78503,12792145
78504,12792146
78505,12792147
78516,12792148
78520,12792149
78521,12792150
78522,12792151
78523,12792152
78526,12792153
78535,12792154
78536,12792155
78537,12792156
78538,12792157
78539,12792158
78540,12792159
78541,23424653
78542,56023009
78543,12792160
78545,12792161
78547,12792162
78548,12792163
78549,12792164
78550,12792165
78551,12792166
78552,12792167
78553,12792168
78557,12792169
78558,12792170
78559,12792171
78560,12792172
78561,12792173
78562,12792174
78563,12792175
78564,12792176
78565,12792177
78566,12792178
78567,12792179
78568,12792180
78569,12792181
78570,12792182
78572,12792183
78573,12792184
78574,23424654
78575,12792185
78576,12792186
78577,12792187
78578,12792188
78579,12792189
78580,12792190
78582,12792191
78583,12792192
78584,12792193
78585,12792194
78586,12792195
78588,12792196
78589,12792197
78590,12792198
78591,12792199
78592,12792200
78593,12792201
78594,12792202
78595,12792203
78596,12792204
78597,12792205
78598,12792206
78599,12792207
78602,12792208
78604,12792210
78605,12792211
78606,12792212
78607,12792213
78608,12792214
78609,12792215
78610,12792216
78611,12792217
78612,12792218
78613,12792219
78614,12792220
78615,12792221
78616,12792222
78617,12792223
78618,12792224
78619,12792225
78620,12792226
78621,12792227
78622,12792228
78623,12792229
78624,12792230
78626,12792231
78627,12792232
78628,12792233
78629,12792234
78630,12792235
78631,12792236
78632,12792237
78633,55805646
78634,12792238
78635,12792239
78636,12792240
78638,12792241
78639,12792242
78640,12792243
78641,12792244
78642,12792245
78643,12792246
78644,12792247
78645,12792248
78646,12792249
78648,12792250
78650,12792251
78651,12792252
78652,12792253
78653,12792254
78654,12792255
78655,12792256
78656,12792257
78657,12792258
78658,12792259
78659,12792260
78660,12792261
78661,12792262
78662,12792263
78663,12792264
78664,12792265
78665,55805647
78666,12792267
78667,12792268
78669,12792269
78670,12792270
78671,12792271
78672,12792272
78673,12792273
78674,12792274
78675,12792275
78676,12792276
78677,12792277
78680,12792278
78681,12792279
78682,12792280
78683,12792281
78691,12792282
78701,12792283
78702,12792284
78703,12792285
78704,12792286
78705,12792287
78708,12792288
78709,12792289
78710,12792290
78711,12792291
78712,12792292
78713,12792293
78714,12792294
78715,12792295
78716,12792296
78717,12792297
78718,12792298
78719,12792299
78720,12792300
78721,12792301
78722,12792302
78723,12792303
78724,12792304
78725,12792305
78726,12792306
78727,12792307
78728,12792308
78729,12792309
78730,12792310
78731,12792311
78732,12792312
78733,12792313
78734,12792314
78735,12792315
78736,12792316
78737,12792317
78738,12792318
78739,12792319
78741,12792320
78742,12792321
78744,12792322
78745,12792323
78746,12792324
78747,12792325
78748,12792326
78749,12792327
78750,12792328
78751,12792329
78752,12792330
78753,12792331
78754,12792332
78755,12792333
78756,12792334
78757,12792335
78758,12792336
78759,12792337
78760,12792338
78761,12792339
78762,12792340
78763,12792341
78764,12792342
78765,12792343
78766,12792344
78767,12792345
78768,12792346
78769,23510052
78772,12792348
78773,12792349
78774,12792350
78778,12792351
78779,12792352
78780,12792353
78781,12792354
78783,12792356
78785,12792357
78786,12792358
78788,12792360
78789,12792361
78798,28350111
78799,23510053
78801,12792362
78802,12792363
78827,12792364
78828,12792365
78829,12792366
78830,12792367
78832,12792368
78833,12792369
78834,12792370
78836,12792371
78837,12792372
78838,12792373
78839,12792374
78840,12792375
78841,12792376
78842,12792377
78843,12792378
78847,12792379
78850,12792380
78851,12792381
78852,12792382
78853,12792383
78860,12792384
78861,12792385
78870,12792386
78871,12792387
78872,12792388
78873,12792389
78877,12792390
78879,12792391
78880,12792392
78881,12792393
78883,12792394
78884,12792395
78885,12792396
78886,12792397
78931,12792398
78932,12792399
78933,12792400
78934,12792401
78935,12792402
78938,12792403
78940,12792404
78941,12792405
78942,12792406
78943,12792407
78944,12792408
78945,12792409
78946,12792410
78947,12792411
78948,12792412
78949,12792413
78950,12792414
78951,12792415
78952,12792416
78953,12792417
78954,12792418
78956,12792419
78957,12792420
78959,12792421
78960,12792422
78961,12792423
78962,12792424
78963,12792425
79001,12792426
79002,12792427
79003,12792428
79005,12792429
79007,12792430
79008,12792431
79009,12792432
79010,12792433
79011,12792434
79012,12792435
79013,12792436
79014,12792437
79015,12792438
79016,12792439
79018,12792440
79019,12792441
79021,12792442
79022,12792443
79024,12792444
79025,12792445
79027,12792446
79029,12792447
79031,12792448
79032,12792449
79033,12792450
79034,12792451
79035,12792452
79036,12792453
79039,12792454
79040,12792455
79041,12792456
79042,12792457
79043,12792458
79044,12792459
79045,12792460
79046,12792461
79051,12792462
79052,12792463
79053,12792464
79054,12792465
79056,12792466
79057,12792467
79058,12792468
79059,12792469
79061,12792470
79062,12792471
79063,12792472
79064,12792473
79065,12792474
79066,12792475
79068,12792476
79070,12792477
79072,12792478
79073,12792479
79077,12792480
79078,12792481
79079,12792482
79080,12792483
79081,12792484
79082,12792485
79083,12792486
79084,12792487
79085,12792488
79086,12792489
79087,12792490
79088,12792491
79091,12792492
79092,12792493
79093,12792494
79094,12792495
79095,12792496
79096,12792497
79097,12792498
79098,12792499
79101,12792500
79102,12792501
79103,12792502
79104,12792503
79105,12792504
79106,12792505
79107,12792506
79108,12792507
79109,12792508
79110,12792509
79111,12792510
79114,12792511
79116,12792512
79117,12792513
79118,12792514
79119,12792515
79120,12792516
79121,12792517
79124,12792519
79159,12792520
79166,12792525
79168,12792526
79172,12792529
79174,12792531
79178,12792534
79185,12792538
79187,12792540
79189,23510057
79201,12792542
79220,12792543
79221,12792544
79223,12792545
79225,12792546
79226,12792547
79227,12792548
79229,12792549
79230,12792550
79231,12792551
79233,12792553
79234,12792554
79235,12792555
79236,12792556
79237,12792557
79239,12792558
79240,12792559
79241,12792560
79243,12792561
79244,12792562
79245,12792563
79247,12792564
79248,12792565
79250,12792566
79251,12792567
79252,12792568
79255,12792569
79256,12792570
79257,12792571
79258,12792572
79259,12792573
79261,12792574
79311,12792575
79312,12792576
79313,12792577
79314,12792578
79316,12792579
79320,12792580
79322,12792581
79323,12792582
79324,12792583
79325,12792584
79326,12792585
79329,12792586
79330,12792587
79331,12792588
79336,12792589
79338,12792590
79339,12792591
79342,12792592
79343,12792593
79344,12792594
79345,12792595
79346,12792596
79347,12792597
79350,12792598
79351,12792599
79353,12792600
79355,12792601
79356,12792602
79357,12792603
79358,12792604
79359,12792605
79360,12792606
79363,12792607
79364,12792608
79366,23424655
79367,12792609
79369,12792610
79370,12792611
79371,12792612
79372,12792613
79373,12792614
79376,12792615
79377,12792616
79378,12792617
79379,12792618
79380,12792619
79381,12792620
79382,12792621
79383,12792622
79401,12792623
79402,12792624
79403,12792625
79404,12792626
79405,12792627
79406,12792628
79407,12792629
79408,12792630
79409,12792631
79410,12792632
79411,12792633
79412,12792634
79413,12792635
79414,12792636
79415,12792637
79416,12792638
79423,12792639
79424,12792640
79430,12792641
79452,12792642
79453,12792643
79457,12792644
79464,12792645
79490,12792646
79491,12792647
79493,12792648
79499,12792649
79501,12792650
79502,12792651
79503,12792652
79504,12792653
79505,12792654
79506,12792655
79508,12792656
79510,12792657
79511,12792658
79512,12792659
79516,12792660
79517,12792661
79518,12792662
79519,12792663
79520,12792664
79521,12792665
79525,12792666
79526,12792667
79527,12792668
79528,12792669
79529,12792670
79530,12792671
79532,12792672
79533,12792673
79534,12792674
79535,12792675
79536,12792676
79537,12792677
79538,12792678
79539,12792679
79540,12792680
79541,12792681
79543,12792682
79544,12792683
79545,12792684
79546,12792685
79547,12792686
79548,12792687
79549,12792688
79550,12792689
79553,12792690
79556,12792691
79560,12792692
79561,12792693
79562,12792694
79563,12792695
79565,12792696
79566,12792697
79567,12792698
79601,12792699
79602,12792700
79603,12792701
79604,12792702
79605,12792703
79606,12792704
79607,12792705
79608,12792706
79697,12792707
79698,12792708
79699,12792709
79701,12792710
79702,12792711
79703,12792712
79704,12792713
79705,12792714
79706,12792715
79707,12792716
79708,12792717
79710,12792718
79711,12792719
79712,12792720
79713,12792721
79714,12792722
79718,12792723
79719,12792724
79720,12792725
79721,12792726
79730,12792727
79731,12792728
79733,12792729
79734,12792730
79735,12792731
79738,12792732
79739,12792733
79740,12792734
79741,12792735
79742,12792736
79743,12792737
79744,12792738
79745,12792739
79748,12792740
79749,12792741
79752,12792742
79754,12792743
79755,12792744
79756,12792745
79758,12792746
79759,12792747
79760,12792748
79761,12792749
79762,12792750
79763,12792751
79764,12792752
79765,12792753
79766,12792754
79768,12792755
79769,12792756
79770,12792757
79772,12792758
79776,12792759
79777,12792760
79778,12792761
79780,12792763
79781,12792764
79782,12792765
79783,12792766
79785,12792767
79786,12792768
79788,12792769
79789,12792770
79821,12792771
79830,12792772
79831,12792773
79832,12792774
79834,12792775
79835,12792776
79836,12792777
79837,12792778
79838,12792779
79839,12792780
79842,12792781
79843,12792782
79845,12792783
79846,12792784
79847,12792785
79848,12792786
79849,12792787
79851,12792789
79852,12792790
79853,12792791
79854,12792792
79855,12792793
79901,12792794
79902,12792795
79903,12792796
79904,12792797
79905,12792798
79906,12792799
79907,12792800
79908,12792801
79910,12792802
79911,12792803
79912,12792804
79913,12792805
79914,12792806
79915,12792807
79916,12792808
79917,12792809
79918,12792810
79920,12792811
79922,12792812
79923,12792813
79924,12792814
79925,12792815
79926,12792816
79927,12792817
79928,23424656
79929,12792818
79930,12792819
79931,12792820
79932,12792821
79934,12792822
79935,12792823
79936,12792824
79937,12792825
79938,12792826
79940,12792827
79941,12792828
79942,12792829
79943,12792830
79944,12792831
79945,12792832
79946,12792833
79947,12792834
79948,12792835
79949,12792836
79950,12792837
79951,12792838
79952,12792839
79953,12792840
79954,12792841
79955,12792842
79958,12792843
79960,12792844
79961,12792845
79968,12792847
79976,12792851
79978,12792853
79980,12792854
79990,23510066
79995,12792857
79996,12792858
79997,12792859
79998,12792860
79999,12792861
88510,12795314
88511,12795315
88512,12795316
88513,12795317
88514,12795318
88515,12795319
88516,12795320
88517,12795321
88518,12795322
88519,12795323
88520,12795324
88521,12795325
88523,12795326
88524,12795327
88525,12795328
88526,12795329
88527,12795330
88528,12795331
88529,12795332
88530,12795333
88531,12795334
88532,12795335
88533,12795336
88534,12795337
88535,12795338
88536,12795339
88538,12795340
88539,12795341
88540,12795342
88541,12795343
88542,12795344
88543,12795345
88544,12795346
88545,12795347
88546,12795348
88547,12795349
88548,12795350
88549,12795351
88550,12795352
88553,12795353
88554,12795354
88555,12795355
88556,12795356
88557,12795357
88558,12795358
88559,12795359
88560,12795360
88561,12795361
88562,12795362
88563,12795363
88565,12795364
88566,12795365
88567,12795366
88568,12795367
88569,12795368
88570,12795369
88571,12795370
88572,12795371
88573,12795372
88574,12795373
88575,12795374
88576,12795375
88577,12795376
88578,12795377
88579,12795378
88580,12795379
88581,12795380
88582,12795381
88583,12795382
88584,12795383
88585,12795384
88586,12795385
88587,12795386
88588,12795387
88589,12795388
88590,12795389
88595,12795390
